The number of freeslots: 439
   35   36
 2623
 2626 2627 2628 2629
 2631 2632 2633
 2884
 2983 2984 2985
 3038
 3464
 3675
 3679
 3684
 3692
 3697 3698
 3700
 3707
 3710 3711
 4283 4284 4285 4286 4287 4288 4289 4290 4291 4292 4293 4294 4295 4296 4297 4298 4299
 4375
 4662 4663 4664 4665
 4670
 4680
 4690
 4700
 4710
 5000
 5995 5996 5997 5998 5999 6000
 6054 6055 6056 6057 6058 6059 6060 6061 6062 6063 6064 6065
 6070 6071 6072 6073 6074 6075 6076 6077 6078 6079 6080 6081 6082 6083 6084 6085 6086 6087 6088 6089 6090 6091 6092 6093 6094 6095
 6131
 6197 6198 6199
 6201 6202
 6262
 6323 6324 6325 6326 6327 6328 6329 6330 6331 6332 6333 6334 6335 6336 6337 6338 6339 6340
 6364 6365 6366 6367 6368 6369
 6395
 6427
 6448
 6450
 6524 6525 6526 6527 6528 6529 6530 6531 6532 6533 6534
 6537
 6594 6595 6596 6597 6598 6599 6600 6601 6602 6603 6604 6605 6606 6607 6608 6609
 6699 6700 6701 6702
 6763 6764
 6766 6767 6768 6769
 6803 6804 6805 6806 6807
 6809 6810 6811 6812 6813 6814 6815 6816
 6832 6833 6834
 6877 6878 6879 6880 6881 6882 6883 6884 6885 6886 6887 6888
 6890 6891 6892 6893 6894
 6920 6921
 6926 6927 6928
 6947
 6961 6962 6963 6964 6965 6966 6967 6968 6969 6970 6971 6972 6973 6974 6975 6976 6977 6978 6979 6980 6981 6982 6983 6984 6985 6986 6987 6988 6989 6990 6991 6992 6993 6994 6995 6996 6997 6998 6999 7000
 7053 7054
 7066 7067 7068 7069 7070 7071 7072 7073 7074 7075 7076 7077
 7080 7081 7082 7083 7084 7085 7086 7087 7088 7089 7090 7091 7092 7093 7094 7095 7096 7097 7098 7099 7100 7101 7102 7103 7104 7105 7106 7107
 7113
 7130
 7132 7133 7134 7135 7136 7137 7138 7139 7140 7141 7142 7143 7144 7145 7146 7147 7148 7149 7150 7151 7152 7153 7154 7155 7156 7157 7158 7159 7160 7161 7162 7163 7164 7165 7166 7167 7168 7169 7170 7171 7172 7173 7174 7175 7176 7177 7178 7179 7180 7181 7182 7183 7184 7185 7186 7187 7188
 7195 7196 7197 7198 7199 7200 7201 7202 7203 7204 7205 7206 7207 7208 7209 7210 7211 7212 7213 7214 7215 7216 7217 7218 7219 7220 7221 7222 7223 7224
 7234 7235 7236 7237 7238 7239 7240 7241 7242 7243
 7248 7249 7250 7251 7252 7253 7254 7255 7256 7257 7258 7259 7260 7261 7262 7263 7264 7265 7266 7267 7268 7269 7270 7271 7272 7273 7274 7275 7276 7277 7278 7279 7280 7281 7282 7283 7284
 7319 7320 7321 7322 7323 7324 7325 7326 7327 7328
by Ka6aSH
