
CreateCha(74, 1764, 1907, 145, 60)
CreateCha(776, 8364, 2007, 145, 60)
CreateCha(757, 15464, 1907, 145, 60)
CreateCha(786, 22664, 1707, 145, 60)
CreateCha(788, 29164, 1507, 145, 60)
CreateCha(805, 35864, 1207, 145, 60)

CreateCha(974, 29264, 1507, 145, 60)
CreateCha(975, 38864, 7107, 145, 60)
CreateCha(976, 39064, 15107, 145, 60)
CreateCha(977, 38764, 22707, 145, 60)
CreateCha(757, 38964, 29407, 145, 60)
CreateCha(789, 38964, 35607, 145, 60)

CreateCha(986, 39364, 40307, 145, 60)
CreateCha(959, 32464, 40007, 145, 60)
CreateCha(977, 25764, 39607, 145, 60)
CreateCha(786, 19364, 39507, 145, 60)
CreateCha(974, 13564, 39507, 145, 60)
CreateCha(959, 7164, 39507, 145, 60)
CreateCha(677, 1264, 40207, 145, 60)

CreateCha(673, 1764, 34207, 145, 60)
CreateCha(679, 1664, 28107, 145, 60)
CreateCha(678, 1564, 23007, 145, 60)
CreateCha(74, 1864, 16507, 145, 60)
CreateCha(807, 1764, 9807, 145, 60)



